0.9998 0.0099995 
0.99955 0.014998 
0.9992 0.019995 
0.99875 0.02499 
0.998199 0.0299825 
0.997549 0.034972 
0.996798 0.0399579 
0.995947 0.0449399 
0.994995 0.0499173 
0.993942 0.0548896 
0.992789 0.0598564 
0.991535 0.0648171 
0.99018 0.0697712 
0.988724 0.0747182 
0.987166 0.0796575 
0.985506 0.0845886 
0.983745 0.0895109 
0.981882 0.094424 
0.979916 0.0993272 
0.977848 0.10422 
0.975677 0.109102 
0.973403 0.113972 
0.971025 0.118831 
0.968544 0.123676 
0.965959 0.128508 
0.963269 0.133327 
0.960475 0.138131 
0.957575 0.142919 
0.95457 0.147692 
0.951459 0.152449 
0.948242 0.157189 
0.944918 0.16191 
0.941486 0.166614 
0.937947 0.171298 
0.9343 0.175963 
0.930544 0.180607 
0.926679 0.18523 
0.922704 0.189831 
0.918618 0.19441 
0.914422 0.198965 
0.910114 0.203495 
0.905694 0.208001 
0.901161 0.21248 
0.896514 0.216933 
0.891753 0.221358 
0.886877 0.225755 
0.881886 0.230122 
0.876778 0.234459 
0.871553 0.238764 
0.866209 0.243037 
0.860747 0.247277 
0.855165 0.251482 
0.849462 0.255652 
0.843637 0.259785 
0.83769 0.26388 
0.831619 0.267937 
0.825424 0.271953 
0.819102 0.275928 
0.812654 0.27986 
0.806078 0.283748 
0.799372 0.28759 
0.792537 0.291386 
0.785569 0.295133 
0.778469 0.298831 
0.771235 0.302476 
0.763864 0.306069 
0.756357 0.309606 
0.748711 0.313087 
0.740925 0.31651 
0.732998 0.319871 
0.724927 0.323171 
0.716711 0.326405 
0.708348 0.329573 
0.699837 0.332672 
0.691176 0.335699 
0.682362 0.338652 
0.673394 0.341529 
0.664269 0.344326 
0.654986 0.347041 
0.645541 0.349671 
0.635934 0.352212 
0.626161 0.354662 
0.616221 0.357017 
0.606109 0.359273 
0.595824 0.361426 
0.585364 0.363472 
0.574724 0.365407 
0.563902 0.367227 
0.552896 0.368926 
0.541701 0.370499 
0.530314 0.371941 
0.518732 0.373247 
0.506952 0.374409 
0.494969 0.375422 
0.482779 0.376278 
0.47038 0.37697 
0.457765 0.37749 
0.444931 0.37783 
0.431873 0.377979 
0.418587 0.377928 
0.405068 0.377667 
0.39131 0.377184 
0.377308 0.376465 
0.363058 0.375498 
0.348552 0.374267 
0.333786 0.372757 
0.318753 0.370948 
0.303448 0.368823 
0.287865 0.36636 
0.271996 0.363534 
0.255838 0.36032 
0.239382 0.356688 
0.222625 0.352606 
0.205561 0.348038 
0.188185 0.342943 
0.170495 0.337275 
0.15249 0.330982 
0.134169 0.324005 
0.115537 0.316277 
0.0966021 0.307721 
0.0773796 0.298247 
0.0578925 0.287754 
0.0381765 0.276123 
0.0182843 0.263217 
-0.00170748 0.248878 
-0.0216882 0.232925 
-0.0414995 0.215152 
-0.0609163 0.195334 
-0.079622 0.173236 
-0.0971789 0.148639 
-0.113001 0.121387 
-0.126345 0.0914741 
-0.13636 0.0591509 
-0.142223 0.0250264 
-0.143363 -0.00992907 
-0.139672 -0.04455 
-0.131549 -0.0777571 
-0.119739 -0.108785 
-0.105101 -0.137244 
-0.0884281 -0.163045 
-0.0703696 -0.186292 
-0.0514201 -0.20718 
-0.031942 -0.225937 
-0.012195 -0.242794 
0.0076369 -0.25796 
0.0274243 -0.271625 
0.047077 -0.283955 
0.0665322 -0.295095 
0.0857471 -0.305168 
0.104693 -0.314284 
0.12335 -0.322535 
0.141709 -0.330002 
0.159761 -0.336757 
0.177504 -0.342862 
0.19494 -0.348371 
0.212069 -0.353333 
0.228894 -0.357789 
0.245421 -0.361779 
0.261655 -0.365335 
0.2776 -0.368489 
0.293262 -0.371268 
0.308647 -0.373696 
0.323762 -0.375796 
0.338611 -0.377588 
0.3532 -0.379091 
0.367536 -0.380321 
0.381623 -0.381294 
0.395467 -0.382024 
0.409073 -0.382525 
0.422446 -0.382807 
0.435591 -0.382883 
0.448513 -0.382763 
0.461216 -0.382456 
0.473705 -0.381971 
0.485984 -0.381317 
0.498056 -0.380501 
0.509926 -0.37953 
0.521598 -0.378412 
0.533074 -0.377152 
0.544359 -0.375757 
0.555457 -0.374232 
0.566369 -0.372582 
0.577099 -0.370813 
0.587651 -0.368929 
0.598026 -0.366934 
0.608229 -0.364833 
0.618261 -0.36263 
0.628125 -0.360329 
0.637824 -0.357932 
0.64736 -0.355444 
0.656735 -0.352868 
0.665951 -0.350207 
0.675012 -0.347463 
0.683918 -0.34464 
0.692671 -0.341741 
0.701275 -0.338767 
0.70973 -0.335721 
0.718038 -0.332606 
0.726201 -0.329424 
0.734221 -0.326177 
0.7421 -0.322868 
0.749839 -0.319497 
0.757439 -0.316067 
0.764902 -0.31258 
0.772229 -0.309038 
0.779422 -0.305442 
0.786483 -0.301793 
0.793412 -0.298095 
0.80021 -0.294347 
0.80688 -0.290552 
0.813421 -0.286711 
0.819836 -0.282825 
0.826125 -0.278896 
0.83229 -0.274925 
0.838331 -0.270913 
0.844249 -0.266861 
0.850046 -0.262771 
0.855721 -0.258643 
0.861278 -0.25448 
0.866715 -0.250281 
0.872034 -0.246048 
0.877236 -0.241782 
0.882322 -0.237484 
0.887292 -0.233155 
0.892147 -0.228795 
0.896887 -0.224407 
0.901515 -0.21999 
0.906029 -0.215545 
0.910432 -0.211074 
0.914722 -0.206577 
0.918902 -0.202055 
0.922972 -0.197508 
0.926932 -0.192938 
0.930782 -0.188346 
0.934524 -0.183731 
0.938158 -0.179095 
0.941684 -0.174438 
0.945103 -0.169762 
0.948415 -0.165067 
0.95162 -0.160353 
0.95472 -0.155621 
0.957715 -0.150872 
0.960604 -0.146106 
0.963389 -0.141325 
0.966069 -0.136528 
0.968645 -0.131716 
0.971118 -0.126891 
0.973487 -0.122051 
0.975753 -0.117199 
0.977916 -0.112335 
0.979977 -0.107459 
0.981935 -0.102571 
0.983792 -0.0976733 
0.985547 -0.0927652 
0.9872 -0.0878474 
0.988751 -0.0829207 
0.990202 -0.0779854 
0.991551 -0.0730422 
0.992799 -0.0680916 
0.993947 -0.063134 
0.994994 -0.0581701 
0.995941 -0.0532003 
0.996787 -0.0482251 
0.997533 -0.0432451 
0.998179 -0.0382607 
0.998724 -0.0332725 
0.99917 -0.028281 
0.999515 -0.0232866 
0.999761 -0.0182899 
0.999906 -0.0132913 
0.999952 -0.00829147 
0.999897 -0.00329078 
0.999742 0.00171025 
0.999488 0.0067111 
0.999133 0.0117113 
0.998678 0.0167103 
0.998123 0.0217076 
0.997468 0.0267028 
0.996712 0.0316952 
0.995855 0.0366845 
0.994899 0.04167 
0.993841 0.0466514 
0.992682 0.051628 
0.991423 0.0565993 
0.990062 0.0615649 
0.988599 0.0665242 
0.987035 0.0714766 
0.985369 0.0764216 
0.983601 0.0813587 
0.981731 0.0862874 
0.979759 0.0912071 
0.977683 0.0961171 
0.975504 0.101017 
0.973222 0.105906 
0.970836 0.110784 
0.968346 0.11565 
0.965752 0.120504 
0.963053 0.125344 
0.960249 0.130171 
0.957339 0.134984 
0.954323 0.139781 
0.951201 0.144563 
0.947972 0.149329 
0.944636 0.154078 
0.941192 0.158809 
0.93764 0.163522 
0.933979 0.168217 
0.930209 0.172891 
0.926329 0.177545 
0.922339 0.182178 
0.918237 0.186789 
0.914024 0.191377 
0.909699 0.195942 
0.905261 0.200482 
0.90071 0.204997 
0.896044 0.209487 
0.891263 0.213949 
0.886366 0.218383 
0.881353 0.222789 
0.876222 0.227166 
0.870974 0.231511 
0.865606 0.235825 
0.860119 0.240106 
0.854511 0.244354 
0.848781 0.248567 
0.842928 0.252744 
0.836952 0.256883 
0.83085 0.260985 
0.824624 0.265047 
0.81827 0.269068 
0.811788 0.273047 
0.805177 0.276983 
0.798436 0.280873 
0.791562 0.284718 
0.784556 0.288514 
0.777416 0.292262 
0.77014 0.295958 
0.762727 0.299601 
0.755175 0.30319 
0.747483 0.306723 
0.739649 0.310198 
0.731672 0.313612 
0.72355 0.316965 
0.715281 0.320253 
0.706864 0.323474 
0.698296 0.326627 
0.689575 0.329708 
0.6807 0.332716 
0.671669 0.335647 
0.662479 0.338498 
0.653128 0.341268 
0.643614 0.343952 
0.633935 0.346548 
0.624087 0.349052 
0.614068 0.35146 
0.603876 0.353769 
0.593508 0.355975 
0.582961 0.358074 
0.572232 0.36006 
0.561318 0.361931 
0.550215 0.363679 
0.538921 0.365301 
0.527431 0.366791 
0.515743 0.368142 
0.503851 0.369349 
0.491753 0.370404 
0.479444 0.3713 
0.466921 0.37203 
0.454178 0.372585 
0.44121 0.372956 
0.428014 0.373134 
0.414584 0.373108 
0.400916 0.372867 
0.387003 0.372399 
0.37284 0.37169 
0.358421 0.370727 
0.343742 0.369493 
0.328795 0.367972 
0.313574 0.366145 
0.298073 0.363991 
0.282286 0.361487 
0.266206 0.358608 
0.249828 0.355327 
0.233145 0.351613 
0.216151 0.34743 
0.198842 0.34274 
0.181213 0.337499 
0.163262 0.331658 
0.144987 0.32516 
0.126392 0.317942 
0.107481 0.309929 
0.0882648 0.301039 
0.0687632 0.291174 
0.0490048 0.280221 
0.0290335 0.268052 
0.0089141 0.254514 
-0.0112593 0.239436 
-0.0313509 0.222619 
-0.0511666 0.203843 
-0.0704311 0.182871 
-0.0887597 0.159469 
-0.105628 0.133444 
-0.120354 0.104712 
-0.132115 0.0734006 
-0.14005 0.0399631 
-0.143451 0.00523192 
-0.142002 -0.0296761 
-0.135902 -0.0636121 
-0.125779 -0.0956653 
-0.112469 -0.125294 
-0.0968024 -0.152298 
-0.0794888 -0.17671 
-0.0610825 -0.198694 
-0.0419962 -0.218465 
-0.0225285 -0.236252 
-0.00289221 -0.252271 
0.0167621 -0.26672 
0.0363286 -0.279771 
0.0557333 -0.291576 
0.0749249 -0.302266 
0.0938685 -0.311956 
0.11254 -0.320743 
0.130926 -0.328713 
0.149016 -0.335942 
0.166806 -0.342494 
0.184294 -0.348426 
0.201481 -0.353789 
0.218369 -0.358628 
0.234963 -0.362983 
0.251266 -0.366889 
0.267283 -0.370377 
0.283019 -0.373477 
0.298481 -0.376213 
0.313673 -0.37861 
0.328601 -0.380689 
0.343271 -0.382468 
0.357688 -0.383965 
0.371857 -0.385197 
0.385784 -0.386177 
0.399474 -0.386921 
0.412932 -0.387439 
0.426162 -0.387744 
0.439169 -0.387846 
0.451958 -0.387755 
0.464533 -0.387481 
0.476899 -0.387032 
0.489058 -0.386415 
0.501015 -0.385639 
0.512774 -0.384711 
0.524339 -0.383636 
0.535712 -0.382422 
0.546898 -0.381073 
0.557898 -0.379596 
0.568717 -0.377995 
0.579358 -0.376275 
0.589823 -0.374442 
0.600115 -0.372498 
0.610236 -0.370449 
0.62019 -0.368298 
0.629979 -0.366049 
0.639604 -0.363705 
0.64907 -0.36127 
0.658376 -0.358747 
0.667527 -0.356139 
0.676523 -0.353448 
0.685368 -0.350678 
0.694062 -0.347831 
0.702608 -0.34491 
0.711007 -0.341917 
0.719261 -0.338854 
0.727373 -0.335724 
0.735343 -0.332528 
0.743173 -0.32927 
0.750864 -0.32595 
0.758419 -0.32257 
0.765838 -0.319133 
0.773123 -0.31564 
0.780276 -0.312093 
0.787297 -0.308493 
0.794187 -0.304842 
0.800949 -0.301142 
0.807583 -0.297393 
0.81409 -0.293598 
0.820472 -0.289758 
0.826729 -0.285874 
0.832862 -0.281947 
0.838873 -0.277978 
0.844763 -0.273969 
0.850531 -0.269922 
0.856181 -0.265836 
0.861711 -0.261713 
0.867123 -0.257554 
0.872418 -0.253361 
0.877597 -0.249134 
0.88266 -0.244874 
0.887609 -0.240582 
0.892443 -0.236259 
0.897164 -0.231906 
0.901772 -0.227524 
0.906268 -0.223114 
0.910652 -0.218676 
0.914926 -0.214212 
0.919089 -0.209722 
0.923143 -0.205206 
0.927088 -0.200667 
0.930924 -0.196104 
0.934651 -0.191518 
0.938271 -0.186911 
0.941784 -0.182281 
0.945191 -0.177632 
0.948491 -0.172962 
0.951685 -0.168273 
0.954774 -0.163565 
0.957758 -0.158839 
0.960637 -0.154096 
0.963411 -0.149337 
0.966082 -0.144561 
0.968649 -0.139769 
0.971113 -0.134963 
0.973474 -0.130142 
0.975732 -0.125308 
0.977888 -0.12046 
0.979941 -0.1156 
0.981892 -0.110728 
0.983742 -0.105845 
0.98549 -0.10095 
0.987136 -0.096045 
0.988682 -0.0911302 
0.990126 -0.0862061 
0.99147 -0.0812732 
0.992713 -0.0763321 
0.993855 -0.0713832 
0.994897 -0.0664271 
0.995838 -0.0614643 
0.996679 -0.0564954 
0.99742 -0.0515207 
0.998061 -0.0465409 
0.998602 -0.0415564 
0.999043 -0.0365677 
0.999383 -0.0315754 
0.999624 -0.0265799 
0.999765 -0.0215818 
0.999806 -0.0165815 
0.999747 -0.0115795 
0.999588 -0.00657644 
0.999329 -0.00157267 
0.998969 0.00343125 
0.99851 0.00843483 
0.99795 0.0134376 
0.99729 0.018439 
0.996529 0.0234385 
0.995667 0.0284356 
0.994705 0.0334299 
0.993642 0.0384208 
0.992478 0.0434078 
0.991213 0.0483903 
0.989846 0.0533679 
0.988378 0.0583401 
0.986808 0.0633062 
0.985136 0.0682657 
0.983361 0.0732182 
0.981484 0.0781631 
0.979504 0.0830997 
0.977421 0.0880276 
0.975235 0.0929462 
0.972945 0.0978549 
0.97055 0.102753 
0.968052 0.10764 
0.965448 0.112516 
0.96274 0.117379 
0.959926 0.12223 
0.957006 0.127067 
0.95398 0.131889 
0.950847 0.136697 
0.947606 0.14149 
0.944258 0.146267 
0.940802 0.151026 
0.937236 0.155769 
0.933562 0.160493 
0.929778 0.165198 
0.925883 0.169884 
0.921878 0.174549 
0.91776 0.179193 
0.913531 0.183815 
0.909188 0.188415 
0.904732 0.192991 
0.900162 0.197542 
0.895477 0.202069 
0.890676 0.206569 
0.885758 0.211042 
0.880723 0.215487 
0.87557 0.219904 
0.870298 0.22429 
0.864906 0.228646 
0.859394 0.23297 
0.853759 0.23726 
0.848002 0.241517 
0.842121 0.245738 
0.836116 0.249923 
0.829984 0.25407 
0.823726 0.258179 
0.817339 0.262247 
0.810824 0.266274 
0.804178 0.270258 
0.7974 0.274198 
0.790489 0.278092 
0.783444 0.281938 
0.776263 0.285736 
0.768945 0.289484 
0.761489 0.293179 
0.753892 0.29682 
0.746153 0.300406 
0.738271 0.303933 
0.730244 0.307401 
0.722071 0.310808 
0.713748 0.31415 
0.705275 0.317426 
0.69665 0.320633 
0.68787 0.323769 
0.678934 0.326832 
0.669839 0.329818 
0.660583 0.332725 
0.651163 0.33555 
0.641579 0.338289 
0.631826 0.34094 
0.621902 0.343499 
0.611805 0.345961 
0.601531 0.348325 
0.591079 0.350584 
0.580444 0.352736 
0.569624 0.354774 
0.558616 0.356696 
0.547415 0.358495 
0.53602 0.360166 
0.524425 0.361703 
0.512628 0.3631 
0.500623 0.364351 
0.488408 0.365449 
0.475978 0.366385 
0.463328 0.367153 
0.450454 0.367742 
0.43735 0.368145 
0.424013 0.36835 
0.410436 0.368348 
0.396615 0.368126 
0.382543 0.367672 
0.368215 0.366971 
0.353625 0.36601 
0.338767 0.36477 
0.323635 0.363236 
0.308221 0.361385 
0.292519 0.359197 
0.276523 0.356648 
0.260227 0.353711 
0.243623 0.350357 
0.226705 0.346551 
0.209469 0.342257 
0.191908 0.337434 
0.174019 0.332034 
0.1558 0.326003 
0.13725 0.319282 
0.118374 0.3118 
0.099178 0.303477 
0.0796777 0.294222 
0.059896 0.283928 
0.0398692 0.272472 
0.0196514 0.259711 
-0.000677569 0.24548 
-0.021002 0.22959 
-0.041155 0.211826 
-0.0608984 0.191954 
-0.0798962 0.169731 
-0.0976837 0.144938 
-0.113642 0.11743 
-0.126996 0.0872317 
-0.136877 0.0546477 
-0.142483 0.0203568 
-0.14331 -0.0146169 
-0.139344 -0.0491016 
-0.131056 -0.0820637 
-0.119223 -0.112806 
-0.104695 -0.140997 
-0.0882328 -0.166585 
-0.0704538 -0.189687 
-0.0518245 -0.210498 
-0.0326865 -0.229244 
-0.0132852 -0.246143 
0.00620474 -0.261399 
0.02566 -0.275193 
0.0449937 -0.287683 
0.0641452 -0.299008 
0.0830724 -0.309288 
0.101747 -0.318625 
0.120149 -0.327112 
0.138267 -0.334825 
0.156095 -0.341834 
0.173628 -0.348199 
0.190867 -0.353973 
0.207812 -0.359202 
0.224467 -0.363929 
0.240834 -0.36819 
0.256918 -0.372019 
0.272725 -0.375446 
0.288258 -0.378496 
0.303524 -0.381195 
0.318528 -0.383565 
0.333274 -0.385626 
0.347769 -0.387395 
0.362017 -0.388889 
0.376024 -0.390124 
0.389795 -0.391114 
0.403334 -0.391872 
0.416646 -0.392409 
0.429736 -0.392737 
0.442609 -0.392866 
0.455267 -0.392805 
0.467717 -0.392564 
0.47996 -0.39215 
0.492003 -0.391572 
0.503847 -0.390836 
0.515497 -0.389949 
0.526956 -0.388918 
0.538228 -0.387749 
0.549315 -0.386446 
0.560221 -0.385017 
0.570949 -0.383464 
0.581501 -0.381794 
0.59188 -0.38001 
0.602089 -0.378117 
0.612131 -0.376119 
0.622008 -0.374019 
0.631721 -0.371822 
0.641275 -0.36953 
0.65067 -0.367147 
0.65991 -0.364676 
0.668995 -0.36212 
0.677929 -0.359482 
0.686712 -0.356764 
0.695347 -0.353969 
0.703836 -0.3511 
0.71218 -0.348158 
0.720381 -0.345147 
0.728441 -0.342068 
0.736361 -0.338923 
0.744143 -0.335714 
0.751788 -0.332444 
0.759298 -0.329114 
0.766674 -0.325726 
0.773917 -0.322282 
0.781029 -0.318783 
0.78801 -0.315231 
0.794863 -0.311627 
0.801588 -0.307973 
0.808187 -0.304271 
0.81466 -0.300521 
0.821008 -0.296725 
0.827233 -0.292885 
0.833336 -0.289001 
0.839317 -0.285076 
0.845178 -0.281109 
0.850919 -0.277103 
0.856542 -0.273058 
0.862046 -0.268975 
0.867434 -0.264856 
0.872705 -0.260701 
0.87786 -0.256512 
0.882901 -0.252289 
0.887828 -0.248034 
0.892642 -0.243747 
0.897343 -0.23943 
0.901932 -0.235082 
0.906409 -0.230705 
0.910776 -0.2263 
0.915033 -0.221868 
0.919179 -0.217409 
0.923217 -0.212925 
0.927147 -0.208415 
0.930968 -0.203881 
0.934682 -0.199324 
0.938288 -0.194744 
0.941788 -0.190141 
0.945182 -0.185517 
0.94847 -0.180873 
0.951653 -0.176208 
0.95473 -0.171524 
0.957703 -0.166821 
0.960572 -0.1621 
0.963337 -0.157361 
0.965999 -0.152606 
0.968557 -0.147834 
0.971012 -0.143046 
0.973364 -0.138243 
0.975614 -0.133426 
0.977762 -0.128595 
0.979808 -0.12375 
0.981752 -0.118893 
0.983595 -0.114023 
0.985336 -0.109141 
0.986976 -0.104249 
0.988515 -0.0993453 
0.989954 -0.0944318 
0.991291 -0.0895087 
0.992529 -0.0845764 
0.993665 -0.0796357 
0.994702 -0.0746869 
0.995638 -0.0697305 
0.996474 -0.0647672 
0.99721 -0.0597973 
0.997846 -0.0548215 
0.998382 -0.0498402 
0.998819 -0.0448538 
0.999155 -0.039863 
0.999391 -0.0348682 
0.999527 -0.0298699 
0.999564 -0.0248686 
0.9995 -0.0198649 
0.999336 -0.0148591 
0.999072 -0.00985187 
0.998708 -0.00484364 
0.998244 0.000165081 
0.99768 0.00517378 
0.997015 0.010182 
0.996249 0.0151891 
0.995383 0.0201947 
0.994415 0.0251983 
0.993347 0.0301993 
0.992178 0.0351972 
0.990907 0.0401916 
0.989535 0.0451818 
0.98806 0.0501674 
0.986484 0.0551478 
0.984805 0.0601224 
0.983024 0.0650908 
0.98114 0.0700524 
0.979154 0.0750067 
0.977063 0.079953 
0.974869 0.0848908 
0.972571 0.0898196 
0.970168 0.0947387 
0.967661 0.0996477 
0.965049 0.104546 
0.962331 0.109432 
0.959507 0.114307 
0.956577 0.119169 
0.95354 0.124018 
0.950396 0.128852 
0.947144 0.133672 
0.943784 0.138477 
0.940315 0.143266 
0.936737 0.148038 
0.933049 0.152793 
0.929251 0.15753 
0.925341 0.162248 
0.92132 0.166946 
0.917187 0.171624 
0.912941 0.176281 
0.908581 0.180916 
0.904107 0.185528 
0.899518 0.190117 
0.894814 0.194681 
0.889993 0.19922 
0.885054 0.203733 
0.879997 0.208218 
0.874822 0.212675 
0.869526 0.217103 
0.86411 0.221501 
0.858572 0.225868 
0.852911 0.230202 
0.847127 0.234503 
0.841217 0.23877 
0.835182 0.243001 
0.82902 0.247194 
0.82273 0.25135 
0.816311 0.255466 
0.809762 0.259542 
0.80308 0.263575 
0.796266 0.267564 
0.789317 0.271509 
0.782233 0.275407 
0.775011 0.279256 
0.767651 0.283055 
0.760151 0.286803 
0.752509 0.290497 
0.744723 0.294136 
0.736793 0.297718 
0.728715 0.30124 
0.720489 0.304701 
0.712113 0.308099 
0.703584 0.31143 
0.6949 0.314693 
0.686061 0.317885 
0.677062 0.321003 
0.667902 0.324045 
0.658579 0.327008 
0.649091 0.329889 
0.639434 0.332684 
0.629607 0.335391 
0.619606 0.338005 
0.609429 0.340523 
0.599073 0.342941 
0.588535 0.345254 
0.577811 0.347459 
0.566899 0.34955 
0.555795 0.351524 
0.544495 0.353373 
0.532997 0.355094 
0.521296 0.356679 
0.509387 0.358122 
0.497268 0.359418 
0.484934 0.360558 
0.472379 0.361534 
0.459601 0.362338 
0.446593 0.362962 
0.43335 0.363396 
0.419868 0.363628 
0.406142 0.363648 
0.392164 0.363444 
0.37793 0.363002 
0.363433 0.362308 
0.348667 0.361346 
0.333626 0.360098 
0.318303 0.358546 
0.302691 0.356669 
0.286784 0.354443 
0.270574 0.351843 
0.254054 0.348841 
0.237218 0.345405 
0.22006 0.341499 
0.202574 0.337084 
0.184754 0.332115 
0.166598 0.32654 
0.148104 0.320303 
0.129273 0.313337 
0.11011 0.305567 
0.0906254 0.296904 
0.070838 0.28725 
0.050777 0.276485 
0.0304874 0.264477 
0.0100363 0.251066 
-0.0104781 0.236073 
-0.0309131 0.219291 
-0.0510635 0.20049 
-0.0706372 0.179425 
-0.0892258 0.155858 
-0.106274 0.129599 
-0.121065 0.100588 
-0.132751 0.0689978 
-0.140473 0.0353469 
-0.143573 0.000532972 
-0.141822 -0.0342989 
-0.135506 -0.0680267 
-0.125302 -0.0998029 
-0.11205 -0.129151 
-0.0965569 -0.155916 
-0.079498 -0.180153 
-0.0613978 -0.20203 
-0.0426455 -0.221762 
-0.0235229 -0.239568 
-0.0042317 -0.255656 
0.0150849 -0.270215 
0.0343253 -0.283411 
0.0534182 -0.295388 
0.0723137 -0.306274 
0.0909771 -0.316177 
0.109385 -0.325192 
0.127522 -0.333402 
0.145379 -0.340879 
0.16295 -0.347686 
0.180233 -0.353879 
0.197229 -0.359507 
0.213938 -0.364614 
0.230364 -0.369237 
0.246511 -0.373413 
0.262383 -0.377173 
0.277984 -0.380543 
0.293319 -0.38355 
0.308394 -0.386216 
0.323214 -0.388562 
0.337783 -0.390607 
0.352107 -0.392368 
0.36619 -0.393862 
0.380038 -0.395102 
0.393656 -0.396103 
0.407047 -0.396876 
0.420217 -0.397434 
0.43317 -0.397785 
0.44591 -0.397942 
0.458441 -0.397911 
0.470766 -0.397703 
0.482891 -0.397325 
0.494819 -0.396785 
0.506552 -0.396089 
0.518095 -0.395244 
0.529451 -0.394256 
0.540622 -0.393132 
0.551613 -0.391875 
0.562425 -0.390492 
0.573063 -0.388988 
0.583527 -0.387366 
0.593822 -0.385632 
